DHT22_0,50,51,52,51,50,51,52,51,50,51,52,51,50,51,52,51,50,51,52,51,50,51,52,51,50,51,52,51,50,50,50,51,52,51,50,51,52,51,50,51,52,51,50,51,52,51,50,51,52,51,50,51,52,51,50,51,52,51,50,50
DHT22_0,29.2,29.2,29.3,29.2,29.2,29.2,29.3,29.2,29.2,29.2,29.3,29.2,29.2,29.2,29.3,29.2,29.2,29.2,29.3,29.2,29.2,29.2,29.3,29.2,29.2,29.2,29.3,29.2,29.2,29.2,29.2,29.2,29.3,29.2,29.2,29.2,29.3,29.2,29.2,29.2,29.3,29.2,29.2,29.2,29.3,29.2,29.2,29.2,29.3,29.2,29.2,29.2,29.3,29.2,29.2,29.2,29.3,29.2,29.2,29.2
DHT22_1,52,53,54,53,52,53,54,53,52,53,54,53,52,53,54,53,52,53,54,53,52,53,54,53,52,53,54,53,52,52,52,53,54,53,52,53,54,53,52,53,54,53,52,53,54,53,52,53,54,53,52,53,54,53,52,53,54,53,52,52
DHT22_1,29.4,29.4,29.5,29.4,29.4,29.4,29.5,29.4,29.4,29.4,29.5,29.4,29.4,29.4,29.5,29.4,29.4,29.4,29.5,29.4,29.4,29.4,29.5,29.4,29.4,29.4,29.5,29.4,29.4,29.4,29.4,29.4,29.5,29.4,29.4,29.4,29.5,29.4,29.4,29.4,29.5,29.4,29.4,29.4,29.5,29.4,29.4,29.4,29.5,29.4,29.4,29.4,29.5,29.4,29.4,29.4,29.5,29.4,29.4,29.4
PH_PROBE_0,5.8,5.81,5.79,5.82,5.8,5.83,5.82,5.83,5.82,5.8,5.81,5.8,5.81,5.79,5.82,5.8,5.83,5.82,5.83,5.82,5.8,5.81,5.8,5.81,5.79,5.82,5.8,5.83,5.82,5.83,5.8,5.81,5.79,5.82,5.8,5.83,5.82,5.83,5.82,5.8,5.81,5.8,5.81,5.79,5.82,5.8,5.83,5.82,5.83,5.82,5.8,5.81,5.8,5.81,5.79,5.82,5.8,5.83,5.82,5.83
EC_PROBE_0,0.8,0.810000000000001,0.79,0.82,0.8,0.83,0.82,0.83,0.82,0.8,0.810000000000001,0.8,0.810000000000001,0.79,0.82,0.8,0.83,0.82,0.83,0.82,0.8,0.810000000000001,0.8,0.810000000000001,0.79,0.82,0.8,0.83,0.82,0.83,0.8,0.810000000000001,0.79,0.82,0.8,0.83,0.82,0.83,0.82,0.8,0.810000000000001,0.8,0.810000000000001,0.79,0.82,0.8,0.83,0.82,0.83,0.82,0.8,0.810000000000001,0.8,0.810000000000001,0.79,0.82,0.8,0.83,0.82,0.83
DS18B20_0,27.2,27.2,27.3,27.2,27.2,27.2,27.3,27.2,27.2,27.2,27.3,27.2,27.2,27.2,27.3,27.2,27.2,27.2,27.3,27.2,27.2,27.2,27.3,27.2,27.2,27.2,27.3,27.2,27.2,27.2,27.2,27.2,27.3,27.2,27.2,27.2,27.3,27.2,27.2,27.2,27.3,27.2,27.2,27.2,27.3,27.2,27.2,27.2,27.3,27.2,27.2,27.2,27.3,27.2,27.2,27.2,27.3,27.2,27.2,27.2
PH_PROBE_1,6,6.01,5.99,6.02,6,6.03,6.02,6.03,6.02,6,6.01,6,6.01,5.99,6.02,6,6.03,6.02,6.03,6.02,6,6.01,6,6.01,5.99,6.02,6,6.03,6.02,6.03,6,6.01,5.99,6.02,6,6.03,6.02,6.03,6.02,6,6.01,6,6.01,5.99,6.02,6,6.03,6.02,6.03,6.02,6,6.01,6,6.01,5.99,6.02,6,6.03,6.02,6.03
EC_PROBE_1,0.65,0.66,0.64,0.67,0.65,0.68,0.67,0.68,0.67,0.65,0.66,0.65,0.66,0.64,0.67,0.65,0.68,0.67,0.68,0.67,0.65,0.66,0.65,0.66,0.64,0.67,0.65,0.68,0.67,0.68,0.65,0.66,0.64,0.67,0.65,0.68,0.67,0.68,0.67,0.65,0.66,0.65,0.66,0.64,0.67,0.65,0.68,0.67,0.68,0.67,0.65,0.66,0.65,0.66,0.64,0.67,0.65,0.68,0.67,0.68
DS18B20_1,27.3,27.3,27.4,27.3,27.3,27.3,27.4,27.3,27.3,27.3,27.4,27.3,27.3,27.3,27.4,27.3,27.3,27.3,27.4,27.3,27.3,27.3,27.4,27.3,27.3,27.3,27.4,27.3,27.3,27.3,27.3,27.3,27.4,27.3,27.3,27.3,27.4,27.3,27.3,27.3,27.4,27.3,27.3,27.3,27.4,27.3,27.3,27.3,27.4,27.3,27.3,27.3,27.4,27.3,27.3,27.3,27.4,27.3,27.3,27.3
DHT22_0,46,47,48,47,46,47,48,47,46,47,48,47,46,47,48,47,46,47,48,47,46,47,48,47,46,47,48,47,46,46,46,47,48,47,46,47,48,47,46,47,48,47,46,47,48,47,46,47,48,47,46,47,48,47,46,47,48,47,46,46
DHT22_0,25.2,25.2,25.3,25.2,25.2,25.2,25.3,25.2,25.2,25.2,25.3,25.2,25.2,25.2,25.3,25.2,25.2,25.2,25.3,25.2,25.2,25.2,25.3,25.2,25.2,25.2,25.3,25.2,25.2,25.2,25.2,25.2,25.3,25.2,25.2,25.2,25.3,25.2,25.2,25.2,25.3,25.2,25.2,25.2,25.3,25.2,25.2,25.2,25.3,25.2,25.2,25.2,25.3,25.2,25.2,25.2,25.3,25.2,25.2,25.2
DHT22_1,48,49,50,49,48,49,50,49,48,49,50,49,48,49,50,49,48,49,50,49,48,49,50,49,48,49,50,49,48,48,48,49,50,49,48,49,50,49,48,49,50,49,48,49,50,49,48,49,50,49,48,49,50,49,48,49,50,49,48,48
DHT22_1,25.4,25.4,25.5,25.4,25.4,25.4,25.5,25.4,25.4,25.4,25.5,25.4,25.4,25.4,25.5,25.4,25.4,25.4,25.5,25.4,25.4,25.4,25.5,25.4,25.4,25.4,25.5,25.4,25.4,25.4,25.4,25.4,25.5,25.4,25.4,25.4,25.5,25.4,25.4,25.4,25.5,25.4,25.4,25.4,25.5,25.4,25.4,25.4,25.5,25.4,25.4,25.4,25.5,25.4,25.4,25.4,25.5,25.4,25.4,25.4
PH_PROBE_0,5.65,5.66,5.64,5.67,5.65,5.68,5.67,5.68,5.67,5.65,5.66,5.65,5.66,5.64,5.67,5.65,5.68,5.67,5.68,5.67,5.65,5.66,5.65,5.66,5.64,5.67,5.65,5.68,5.67,5.68,5.65,5.66,5.64,5.67,5.65,5.68,5.67,5.68,5.67,5.65,5.66,5.65,5.66,5.64,5.67,5.65,5.68,5.67,5.68,5.67,5.65,5.66,5.65,5.66,5.64,5.67,5.65,5.68,5.67,5.68
EC_PROBE_0,0.9,0.910000000000001,0.89,0.92,0.9,0.93,0.92,0.93,0.92,0.9,0.910000000000001,0.9,0.910000000000001,0.89,0.92,0.9,0.93,0.92,0.93,0.92,0.9,0.910000000000001,0.9,0.910000000000001,0.89,0.92,0.9,0.93,0.92,0.93,0.9,0.910000000000001,0.89,0.92,0.9,0.93,0.92,0.93,0.92,0.9,0.910000000000001,0.9,0.910000000000001,0.89,0.92,0.9,0.93,0.92,0.93,0.92,0.9,0.910000000000001,0.9,0.910000000000001,0.89,0.92,0.9,0.93,0.92,0.93
DS18B20_0,26.7,26.7,26.8,26.7,26.7,26.7,26.8,26.7,26.7,26.7,26.8,26.7,26.7,26.7,26.8,26.7,26.7,26.7,26.8,26.7,26.7,26.7,26.8,26.7,26.7,26.7,26.8,26.7,26.7,26.7,26.7,26.7,26.8,26.7,26.7,26.7,26.8,26.7,26.7,26.7,26.8,26.7,26.7,26.7,26.8,26.7,26.7,26.7,26.8,26.7,26.7,26.7,26.8,26.7,26.7,26.7,26.8,26.7,26.7,26.7
